233
324
495
415
272
385
141
143
121
394
278
450
38
263
43
456
294
167
378
279
379
117
324
109
232
34
204
61
270
333
58
165
30
331
26
31
239
259
417
455
65
79
27
108
439
305
356
195
232
258
402
436
283
165
460
13
166
226
81
65
116
329
1
140
441
497
278
497
254
168
237
441
258
253
214
193
300
284
140
49
208
116
42
232
389
29
351
50
321
3
441
484
336
434
92
242
166
341
292
186
346
346
461
401
403
402
498
450
224
368
79
375
487
211
278
1
466
91
196
401
485
485
83
214
381
443
110
119
318
337
201
139
217
301
325
224
386
439
55
303
363
352
319
99
8
190
248
144
29
278
236
181
103
49
66
48
74
452
267
339
366
199
273
382
253
114
381
351
55
30
3
433
353
332
466
380
16
169
7
335
374
209
91
278
259
460
295
201
492
434
3
388
400
15
199
40
14
62
155
188
271
467
31
339
72
39
209
181
306
124
6
30
289
241
120
96
315
324
23
116
357
116
20
325
53
424
307
328
34
471
366
258
376
36
134
475
134
297
425
95
144
189
14
38
70
499
278
416
500
151
327
147
289
255
137
260
90
429
365
21
475
176
187
30
413
124
246
478
50
7
454
258
108
115
91
442
450
490
475
4
198
459
133
470
453
367
180
314
411
71
395
409
478
237
421
130
128
283
76
301
365
403
400
218
304
465
193
248
201
147
173
398
377
385
353
256
60
317
240
209
175
121
120
228
76
196
155
157
357
382
6
467
218
422
264
480
283
470
281
391
172
59
269
102
263
47
238
85
243
441
441
386
231
52
299
258
153
378
424
406
290
37
349
401
184
255
132
349
118
493
368
221
331
30
249
272
19
243
312
423
196
329
366
182
159
223
158
169
129
475
193
273
337
312
437
421
155
457
448
249
146
108
103
221
499
18
182
398
462
111
221
366
33
297
21
413
182
350
148
365
279
243
255
115
354
205
279
291
440
107
305
86
478
296
61
410
456
31
271
471
334
58
490
475
224
409
443
169
375
111
407
473
138
345
280
229
50
20
290
294
475
404
79
379
381
76
87
42
58
188
464
81
270
225
153
475
283
158
138
32
482
470
27
140
366
376
107
162
50
90
281
367
131
378
260
80
371
172
394
192
146
290
426
474
45
70
73
20
5
220
61
207
1
477
30
325
223
463
2
350
225
33
311
310
17
204
42
74
389
489
337
429
342
119
282
289
261
275
268
450
347
370
83
152
137
72
320
324
316
415
270
476
267
147
326
429
315
308
67
154
46
23
432
189
207
334
476
157
25
435
248
337
124
493
159
365
238
5
99
210
2
244
207
24
447
458
131
47
276
483
256
409
67
345
323
230
6
166
175
322
487
285
358
304
454
349
152
401
170
104
138
207
340
206
203
387
8
357
294
10
15
174
319
285
438
242
53
380
147
289
418
287
373
404
221
399
122
273
223
463
383
59
271
210
357
59
463
346
145
217
467
281
331
336
367
346
33
142
50
469
223
481
382
63
127
96
311
139
99
151
160
333
299
96
304
164
143
171
144
110
235
266
247
444
94
436
48
433
129
422
476
410
72
310
465
6
167
275
193
336
490
349
92
338
307
176
80
312
334
493
333
132
436
364
153
395
90
444
331
136
192
141
278
374
468
17
487
324
56
215
248
376
462
213
357
133
294
69
394
103
19
98
82
389
500
360
170
310
400
120
141
49
369
217
139
375
231
206
223
138
375
428
159
451
485
494
75
193
464
86
152
350
312
437
174
98
467
244
345
90
4
379
482
372
119
322
346
370
161
271
261
151
51
235
326
264
60
461
429
444
204
362
14
381
293
236
417
240
155
495
384
438
179
190
465
140
393
327
284
330
245
37
369
96
412
437
33
46
346
114
381
97
161
155
19
32
295
91
208
340
213
14
139
232
1
111
424
351
416
171
483
127
379
395
162
11
418
331
235
132
292
210
204
157
92
65
61
123
382
490
366
77
432
348
233
80
2
379
65
161
182
137
52
343
173
30
152
267
118
54
492
114
249
90
140
379
4
56
112
33
90
331
231
165
39
63
217
227
478
403
384
17
17
315
241
2
385
3
50
139
10
283
426
471
316
273
125
156
463
77
410
98
195
128
429
240
40
482
182
104
396
456
233
370
208
472
263
74
356
4
54
312
284
284
363
129
245
433
373
299
123
152
366
288
171
361
52
63
220
9
400
470
48
199
193
115
423
497
62
114
174
304
41
483
83
454
13
54
358
15
22
361
231
55
302
182
425
50
58
222
